1599
1543
1496
1468
1462
1475
1509
1534
1581
1653
1714
1750
1752
1725
1702
1718
1786
1844
1806
1758
1716
1654
1566
1477
1397
1344
1322
1315
1322
1345
1395
1467
1550
1642
1704
1733
1748
1738
1714
1743
1857
1881
1786
1712
1654
1575
1494
1412
1324
1281
1260
1257
1277
1296
1338
1407
1482
1560
1615
1652
1656
1632
1612
1604
1701
1806
1769
1735
1685
1615
1508
1396
1290
1225
1244
1257
1220
1269
1421
1594
1661
1658
1611
1607
1609
1587
1570
1592
1709
1812
1809
1782
1737
1666
1562
1482
1388
1307
1258
1239
1243
1288
1428
1560
1592
1584
1571
1566
1563
1535
1522
1544
1623
1740
1698
1678
1649
1570
1522
1483
1436
1387
1358
1320
1321
1404
1540
1708
1718
1697
1715
1709
1711
1693
1680
1704
1804
1905
1866
1834
1788
1715
1594
1488
1418
1375
1339
1326
1332
1379
1532
1680
1706
1697
1665
1677
1681
1666
1658
1691
1775
1808
1771
1741
1707
1649
1556
1509
1456
1414
1379
1367
1376
1433
1583
1715
1759
1750
1738
1758
1753
1734
1715
1733
1780
1833
1812
1784
1747
1680
1628
1591
1545
1505
1476
1453
1456
1474
1517
1558
1672
1747
1777
1792
1788
1770
1758
1772
1807
1898
1882
1861
1812
1748
1672
1592
1521
1485
1471
1460
1404
1427
1493
1551
1635
1719
1781
1800
1797
1759
1751
1769
1851
1949
1913
1918
1862
1802
1701
1604
1537
1515
1510
1526
1548
1619
1780
1923
1965
1936
1890
1860
1846
1802
1774
1802
1895
2014
1976
1935
1893
1812
1720
1662
1610
1570
1543
1538
1550
1610
1713
1834
1851
1805
1784
1773
1753
1729
1707
1742
1825
1971
1969
1898
1900
1836
1761
1678
1600
1523
1484
1478
1494
1544
1637
1833
1860
1791
1772
1761
1744
1704
1652
1650
1713
1804
1761
1723
1676
1600
1517
1462
1426
1425
1437
1448
1456
1501
1650
1803
1833
1822
1806
1788
1751
1751
1730
1751
1817
1918
1898
1911
1873
1793
1685
1625
1567
1443
1378
1361
1363
1407
1543
1675
1715
1717
1765
1790
1784
1772
1760
1759
1800
1866
1819
1765
1716
1613
1521
1487
1439
1386
1350
1344
1350
1373
1424
1514
1593
1667
1678
1673
1669
1668
1637
1643
1701
1795
1770
1708
1637
1583
1499
1431
1369
1337
1331
1350
1383
1423
1477
1541
1661
1725
1757
1753
1738
1685
1639
1647
1747
1888
1893
1887
1856
1790
1690
1579
1512
1475
1466
1467
1485
1544
1694
1865
1909
1873
1858
1866
1868
1840
1823
1847
1909
1986
1949
1930
1873
1773
1663
1609
1546
1508
1463
1429
1470
1520
1620
1763
1788
1763
1701
1694
1681
1643
1619
1667
1752
1873
1831
1802
1813
1731
1638
1568
1517
1481
1456
1445
1453
1507
1653
1800
1823
1812
1805
1788
1728
1706
1717
1727
1788
1874
1831
1793
1769
1730
1657
1600
1547
1515
1486
1468
1476
1502
1633
1772
1799
1792
1766
1751
1738
1698
1676
1685
1749
1871
1878
1854
1754
1673
1615
1574
1535
1494
1477
1505
1513
1570
1696
1835
1827
1804
1755
1736
1726
1696
1676
1692
1752
1910
1912
1869
1803
1748
1691
1663
1630
1595
1571
1562
1568
1587
1649
1754
1851
1895
1886
1856
1816
1769
1740
1750
1810
1926
1936
1911
1891
1827
1746
1675
1616
1583
1577
1580
1584
1620
1676
1741
1833
1895
1897
1874
1818
1746
1709
1708
1778
1878
1909
1891
1856
1795
1705
1617
1551
1529
1528
1518
1538
1605
1745
1882
1915
1903
1871
1868
1868
1834
1807
1817
1863
1932
1890
1852
1789
1699
1591
1489
1429
1374
1339
1318
1325
1351
1477
1636
1668
1654
1647
1633
1643
1612
1590
1585
1656
1732
1680
1664
1635
1555
1491
1425
1389
1356
1350
1354
1368
1414
1520
1669
1682
1641
1607
1595
1566
1528
1499
1513
1572
1667
1700
1687
1661
1619
1524
1430
1402
1360
1335
1353
1358
1420
1553
1718
1749
1725
1681
1667
1642
1616
1600
1613
1675
1773
1804
1793
1760
1686
1585
1503
1458
1461
1423
1409
1416
1449
1576
1713
1790
1810
1824
1882
1897
1889
1880
1872
1914
1992
2003
1960
1908
1836
1735
1680
1646
1622
1609
1609
1597
1628
1701
1782
1890
1953
1962
1954
1908
1851
1811
1812
1860
1955
1979
1940
1894
1825
1754
1699
1643
1615
1600
1600
1613
1640
1686
1744
1833
1907
1910
1877
1837
1788
1742
1746
1844
1955
1986
1974
1917
1808
1724
1641
1623
1610
1569
1609
1625
1696
1804
1931
1928
1905
1887
1849
1874
1854
1835
1883
1935
1997
2002
1815
1822
1761
1659
1597
1579
1597
1518
1524
1579
1661
1827
1977
2025
2007
1975
1958
1956
1920
1881
1893
1960
2079
2121
2114
2085
2010
1896
1810
1775
1748
1727
1736
1738
1793
1944
2082
2087
2022
1951
1910
1791
1746
1758
1826
1914
2032
2090
2069
2036
1940
1838
1793
1750
1723
1706
1706
1679
1738
1890
2034
2059
1996
1881
1862
1867
1837
1815
1788
1884
2013
2020
2035
1980
1937
1853
1802
1763
1702
1680
1682
1694
1770
1921
2052
2044
2029
2013
2010
1993
1944
1910
1910
1942
2031
2059
2035
1998
1931
1842
1788
1750
1717
1700
1707
1709
1724
1784
1855
1947
1982
1982
1958
1926
1877
1845
1844
1886
1975
2028
1992
1956
1903
1827
1753
1686
1654
1632
1614
1605
1618
1654
1697
1789
1800
1854
1798
1714
1708
1694
1703
1782
1882
1880
1864
1810
1731
1630
1536
1464
1431
1417
1425
1442
1501
1642
1776
1789
1785
1772
1763
1784
1769
1766
1792
1826
1885
1888
1850
1795
1694
1605
1549
1499
1458
1432
1419
1429
1483
1619
1747
1767
1704
1685
1671
1658
1629
1617
1634
1679
1748
1824
1810
1768
1694
1549
1466
1409
1372
1322
1312
1330
1398
1557
1700
1691
1632
1589
1547
1526
1461
1431
1467
1534
1636
1688
1703
1682
1610
1546
1522
1476
1397
1351
1385
1397
1467
1633
1771
1799
1798
1799
1670
1649
1620
1633
1688
1735
1838
1870
1847
1808
1728
1623
1547
1490
1444
1404
1393
1363
1381
1527
1648
1686
1685
1659
1651
1642
1612
1592
1618
1671
1746
1771
1739
1703
1643
1553
1534
1497
1454
1409
1385
1382
1399
1452
1528
1628
1704
1749
1755
1699
1626
1594
1584
1611
1667
1725
1712
1682
1632
1564
1492
1388
1341
1385
1396
1416
1440
1484
1538
1635
1705
1744
1766
1769
1744
1724
1719
1778
1824
1835
1817
1773
1710
1606
1512
1439
1405
1369
1337
1347
1421
1585
1721
1770
1771
1762
1762
1754
1716
1683
1699
1749
1774
1824
1807
1765
1694
1580
1530
1491
1446
1415
1402
1410
1454
1575
1706
1743
1716
1684
1656
1595
1548
1524
1539
1594
1659
1719
1707
1678
1612
1525
1503
1458
1399
1327
1356
1387
1440
1519
1588
1684
1713
1735
1720
1719
1725
1711
1722
1738
1776
1774
1740
1729
1704
1587
1484
1438
1445
1415
1395
1365
1419
1560
1676
1705
1693
1680
1671
1658
1638
1628
1634
1684
1739
1760
1764
1742
1632
1552
1501
1463
1417
1385
1357
1365
1422
1559
1660
1673
1616
1579
1563
1539
1514
1464
1529
1560
1639
1699
1645
1605
1554
1496
1436
1415
1377
1346
1315
1305
1291
1357
1431
1541
1605
1631
1617
1621
1577
1559
1570
1616
1677
1704
1672
1626
1559
1490
1418
1336
1284
1250
1277
1292
1310
1356
1418
1503
1563
1613
1621
1619
1565
1566
1575
1645
1705
1751
1740
1691
1666
1585
1492
1418
1309
1330
1303
1324
1397
1557
1693
1765
1713
1746
1693
1729
1727
1705
1691
1758
1792
1836
1821
1780
1701
1588
1524
1459
1433
1374
1362
1367
1429
1585
1700
1734
1720
1694
1688
1701
1671
1652
1662
1707
1778
1788
1791
1752
1666
1577
1506
1455
1411
1393
1386
1395
1452
1596
1715
1728
1702
1646
1632
1625
1558
1553
1596
1659
1726
1765
1765
1734
1673
1595
1533
1478
1405
1385
1396
1405
1452
1583
1711
1756
1738
1721
1714
1691
1672
1658
1679
1730
1797
1863
1843
1799
1715
1622
1547
1491
1445
1412
1392
1372
1407
1540
1673
1728
1740
1771
1754
1767
1748
1726
1727
1767
1781
1724
1695
1668
1611
1546
1506
1464
1402
1355
1323
1320
1334
1314
1408
1543
1592
1630
1676
1655
1621
1583
1583
1628
1670
1702
1683
1632
1565
1493
1416
1342
1305
1282
1273
1276
1295
1345
1410
1512
1600
1622
1656
1646
1632
1620
1637
1673
1682
1654
1635
1648
1581
1478
1436
1372
1326
1273
1265
1235
1304
1471
1615
1669
1641
1613
1596
1579
1543
1521
1532
1578
1626
1697
1689
1646
1573
1470
1381
1343
1324
1294
1286
1298
1356
1515
1633
1658
1667
1643
1656
1650
1628
1630
1634
1707
1754
1786
1773
1733
1655
1540
1463
1416
1378
1348
1335
1337
1387
1532
1671
1699
1700
1677
1628
1634
1638
1623
1647
1696
1739
1758
1716
1671
1604
1517
1439
1367
1312
1293
1331
1354
1306
1449
1592
1646
1637
1614
1624
1623
1587
1577
1607
1658
1693
1760
1769
1742
1634
1546
1483
1454
1454
1393
1384
1389
1428
1586
1716
1778
1777
1753
1742
1743
1738
1725
1745
1778
1805
1859
1860
1816
1743
1615
1561
1515
1467
1442
1423
1419
1436
1484
1535
1591
1615
1612
1597
1554
1499
1455
1446
1507
1562
1637
1656
1629
1585
1517
1446
1388
1357
1345
1349
1359
1389
1428
1463
1516
1551
1552
1542
1500
1448
1422
1392
1451
1527
1574
1591
1569
1514
1429
1360
1324
1311
1303
1304
1319
1386
1517
1633
1656
1626
1592
1570
1535
1496
1458
1466
1473
1511
1563
1580
1556
1488
1392
1327
1294
1270
1280
1314
1338
1407
1556
1666
1687
1655
1588
1590
1613
1591
1564
1540
1599
1631
1660
1683
1662
1540
1414
1367
1394
1362
1318
1311
1326
1374
1537
1639
1633
1555
1535
1502
1483
1441
1396
1401
1425
1467
1545
1594
1563
1512
1417
1377
1377
1380
1372
1373
1395
1461
1608
1677
1650
1606
1579
1556
1535
1495
1465
1453
1480
1498
1620
1707
1711
1654
1538
1455
1444
1393
1397
1413
1434
1499
1615
1674
1660
1621
1574
1540
1512
1460
1418
1417
1447
1495
1573
1623
1629
1579
1469
1446
1450
1420
1358
1360
1407
1439
1462
1511
1605
1617
1612
1563
1543
1503
1452
1430
1474
1561
1620
1627
1610
1597
1518
1421
1371
1381
1343
1327
1340
1364
1395
1433
1493
1531
1525
1507
1494
1457
1437
1454
1473
1478
1558
1587
1556
1483
1396
1330
1292
1281
1287
1302
1356
1464
1574
1640
1615
1560
1527
1515
1475
1427
1411
1463
1480
1465
1529
1568
1525
1441
1379
1335
1300
1277
1277
1293
1340
1457
1577
1616
1574
1542
1489
1472
1442
1423
1419
1444
1460
1443
1503
1558
1519
1438
1382
1340
1307
1280
1277
1296
1352
1480
1581
1613
1602
1569
1528
1503
1404
1344
1318
1321
1348
1332
1384
1418
1370
1287
1226
1202
1216
1185
1176
1196
1245
1365
1479
1529
1525
1510
1501
1481
1418
1427
1432
1447
1434
1419
1472
1507
1462
1382
1324
1335
1299
1273
1275
1263
1305
1453
1563
1617
1609
1551
1484
1486
1421
1366
1356
1356
1362
1346
1397
1449
1427
1364
1316
1281
1230
1192
1174
1180
1204
1252
1309
1395
1441
1443
1422
1397
1326
1289
1277
1285
1298
1288
1346
1401
1347
1275
1188
1117
1043
1017
1017
1026
1062
1105
1156
1234
1306
1326
1373
1385
1351
1343
1359
1403
1467
1454
1514
1553
1502
1410
1312
1243
1208
1200
1200
1214
1266
1412
1540
1598
1605
1593
1551
1513
1528
1505
1509
1545
1567
1551
1587
1593
1524
1422
1317
1253
1213
1178
1171
1181
1230
1351
1484
1537
1547
1569
1580
1586
1578
1568
1575
1613
1646
1634
1652
1639
1589
1499
1429
1382
1325
1285
1267
1267
1311
1425
1567
1616
1597
1573
1561
1582
1560
1552
1569
1582
1578
1583
1622
1658
1627
1526
1448
1411
1337
1323
1338
1350
1406
1554
1640
1663
1640
1607
1570
1542
1488
1449
1455
1499
1495
1460
1490
1553
1522
1435
1361
1289
1223
1197
1196
1206
1240
1369
1515
1583
1623
1618
1617
1631
1613
1602
1619
1652
1688
1635
1654
1695
1650
1613
1583
1550
1509
1482
1441
1483
1515
1582
1666
1741
1783
1787
1763
1740
1689
1644
1619
1631
1634
1630
1685
1730
1683
1623
1525
1496
1478
1470
1435
1436
1454
1495
1508
1544
1552
1553
1536
1509
1467
1420
1453
1523
1549
1553
1608
1683
1641
1545
1438
1373
1337
1317
1309
1331
1382
1526
1678
1727
1721
1674
1668
1657
1624
1587
1608
1636
1648
1605
1623
1627
1575
1466
1375
1317
1263
1227
1210
1212
1255
1397
1541
1531
1551
1460
1408
1419
1393
1357
1366
1399
1444
1428
1450
1490
1433
1351
1294
1243
1193
1149
1147
1144
1199
1346
1494
1582
1527
1518
1514
1465
1441
1442
1446
1451
1430
1439
1466
1489
1461
1420
1339
1266
1181
1177
1174
1170
1179
1321
1467
1525
1525
1500
1462
1461
1432
1412
1408
1424
1424
1390
1377
1392
1344
1269
1211
1141
1125
1087
1068
1068
1056
1115
1183
1264
1304
1322
1358
1344
1300
1256
1228
1251
1273
1253
1294
1348
1309
1251
1179
1119
1081
1060
1054
1062
1082
1125
1209
1347
1387
1430
1416
1382
1341
1305
1285
1299
1283
1260
1280
1351
1318
1254
1179
1116
1069
1050
1049
1059
1064
1102
1135
1226
1292
1321
1303
1294
1285
1244
1232
1239
1214
1192
1223
1307
1285
1216
1144
1074
1028
1017
1031
1041
1077
1140
1236
1327
1381
1405
1410
1395
1363
1362
1303
1321
1331
1312
1353
1387
1344
1270
1177
1112
1087
1061
1034
1051
1105
1240
1372
1417
1406
1388
1377
1366
1349
1327
1330
1353
1360
1323
1320
1395
1354
1253
1171
1121
1080
1057
1055
1071
1120
1258
1407
1446
1436
1434
1430
1429
1403
1389
1404
1439
1445
1452
1479
1507
1450
1349
1266
1202
1141
1090
1089
1092
1143
1284
1401
1454
1446
1421
1376
1363
1345
1343
1346
1329
1351
1328
1353
1439
1400
1313
1240
1190
1147
1120
1117
1134
1185
1323
1466
1509
1512
1506
1494
1497
1485
1451
1420
1449
1451
1444
1473
1484
1418
1330
1258
1195
1129
1097
1083
1084
1100
1133
1210
1310
1376
1412
1434
1419
1391
1351
1343
1353
1378
1400
1419
1457
1416
1372
1278
1214
1176
1157
1152
1158
1176
1199
1244
1303
1355
1372
1385
1375
1332
1294
1281
1311
1326
1301
1349
1431
1374
1274
1173
1104
1077
1066
1076
1092
1137
1276
1409
1427
1374
1351
1339
1321
1294
1277
1310
1346
1354
1326
1315
1368
1368
1292
1206
1190
1174
1155
1145
1128
1223
1368
1481
1478
1470
1473
1468
1453
1408
1396
1428
1450
1454
1419
1435
1517
1492
1399
1324
1293
1223
1161
1157
1173
1234
1377
1483
1479
1440
1407
1389
1370
1338
1330
1350
1405
1423
1393
1397
1452
1406
1236
1151
1096
1055
1027
1022
1022
1069
1216
1372
1429
1423
1410
1409
1398
1370
1349
1355
1348
1355
1367
1396
1496
1468
1392
1319
1271
1280
1260
1229
1238
1288
1399
1542
1635
1615
1596
1532
1505
1464
1462
1491
1484
1500
1467
1487
1520
1502
1436
1381
1349
1268
1269
1276
1285
1267
1308
1423
1534
1595
1573
1572
1572
1522
1461
1445
1475
1488
1488
1489
1506
1444
1401
1323
1254
1187
1167
1160
1166
1191
1241
1298
1397
1489
1544
1562
1560
1541
1523
1534
1567
1602
1600
1608
1591
1530
1466
1329
1290
1264
1249
1243
1289
1333
1429
1576
1647
1659
1649
1631
1629
1624
1602
1615
1643
1645
1612
1618
1619
1564
1472
1379
1302
1253
1212
1160
1169
1213
1336
1476
1520
1504
1485
1470
1456
1461
1441
1447
1480
1459
1418
1410
1444
1386
1291
1223
1226
1189
1159
1150
1164
1215
1256
1373
1430
1403
1370
1355
1335
1301
1274
1275
1291
1286
1202
1218
1316
1305
1204
1101
1086
1063
1086
1086
1106
1133
1301
1423
1444
1382
1348
1354
1329
1280
1260
1293
1326
1316
1257
1270
1360
1337
1221
1128
1123
1074
1006
1020
1067
1110
1213
1356
1440
1424
1355
1340
1359
1297
1275
1263
1217
1208
1223
1228
1235
1216
1172
1158
1092
1058
1054
1053
1042
1054
1101
1198
1287
1323
1327
1315
1289
1244
1209
1194
1212
1231
1220
1219
1275
1261
1217
1143
1082
1049
1031
1029
1035
1054
1067
1127
1214
1272
1268
1276
1263
1233
1207
1197
1217
1210
1175
1193
1263
1256
1165
1061
996
962
953
956
968
1024
1178
1344
1398
1384
1362
1356
1372
1350
1307
1331
1388
1397
1336
1336
1393
1359
1255
1133
1091
1033
1013
1016
1024
1071
1189
1342
1397
1401
1404
1421
1427
1417
1407
1423
1455
1467
1440
1436
1452
1393
1281
1194
1141
1061
1023
1011
1020
1067
1192
1258
1288
1271
1258
1255
1241
1221
1194
1193
1231
1263
1299
1332
1381
1364
1286
1224
1181
1137
1103
1095
1106
1157
1287
1427
1477
1459
1436
1390
1369
1351
1313
1337
1366
1374
1348
1333
1384
1380
1286
1208
1158
1105
1086
1079
1094
1143
1255
1398
1448
1448
1434
1427
1404
1376
1348
1326
1345
1341
1319
1311
1349
1344
1269
1207
1153
1109
1072
1060
1063
1081
1112
1190
1265
1323
1327
1322
1297
1259
1228
1219
1231
1236
1210
1195
1255
1272
1213
1140
1079
1045
1028
1030
1037
1052
1062
1122
1213
1279
1299
1302
1291
1244
1204
1203
1231
1230
1212
1234
1288
1278
1188
1080
1006
968
956
956
966
1019
1134
1284
1343
1341
1338
1346
1340
1326
1305
1334
1369
1360
1311
1290
1320
1295
1206
1110
1035
976
945
948
956
995
1103
1240
1298
1326
1308
1283
1285
1266
1260
1256
1245
1242
1097
1089
1134
1117
1016
928
862
809
784
771
773
811
934
1099
1171
1175
1165
1171
1162
1151
1139
1138
1163
1163
1208
1205
1254
1252
1142
1034
973
919
835
829
844
889
1008
1152
1192
1178
1208
1233
1228
1235
1245
1304
1346
1349
1282
1263
1263
1237
1139
1042
967
921
887
892
956
1003
1118
1260
1319
1331
1338
1344
1321
1302
1276
1278
1273
1301
1212
1242
1232
1238
1200
1149
1092
1046
986
971
973
983
1006
1085
1189
1246
1261
1272
1264
1243
1224
1227
1275
1296
1299
1299
1317
1292
1247
1165
1092
1051
1022
1004
1002
1007
1012
1079
1185
1263
1286
1277
1276
1248
1226
1224
1231
1250
1242
1267
1323
1332
1250
1144
1052
1005
1000
1000
1016
1071
1231
1359
1464
1417
1420
1412
1405
1371
1400
1417
1409
1459
1481
1482
1491
1435
1376
1289
1157
1159
1172
1169
1139
1208
1283
1325
1364
1356
1332
1316
1354
1315
1300
1318
1371
1408
1374
1368
1379
1362
1251
1166
1157
1147
1124
1126
1109
1186
1315
1449
1472
1445
1429
1417
1411
1391
1374
1383
1414
1414
1370
1366
1441
1442
1296
1227
1197
1159
1112
1104
1165
1215
1337
1452
1477
1441
1416
1400
1372
1344
1332
1368
1407
1408
1355
1332
1400
1416
1317
1229
1160
1079
1058
1058
1108
1150
1267
1384
1429
1420
1392
1356
1352
1366
1342
1340
1330
1323
1294
1240
1263
1334
1272
1188
1142
1095
1069
1066
1076
1087
1124
1213
1306
1356
1381
1393
1388
1376
1352
1345
1356
1372
1343
1328
1344
1361
1296
1218
1146
1118
1129
1138
1136
1141
1157
1211
1264
1322
1354
1361
1356
1318
1289
1287
1300
1310
1323
1348
1378
1390
1297
1193
1121
1086
1102
1078
1089
1114
1202
1363
1403
1396
1383
1382
1375
1343
1309
1319
1346
1346
1330
1327
1353
1379
1290
1196
1153
1136
1095
1104
1120
1173
1274
1406
1404
1411
1415
1420
1412
1391
1376
1372
1399
1399
1352
1342
1334
1352
1273
1170
1102
1058
1024
973
971
1005
1103
1257
1309
1304
1295
1300
1290
1279
1278
1293
1330
1334
1303
1300
1327
1300
1194
1096
1026
975
957
957
975
1017
1125
1316
1401
1419
1424
1462
1459
1432
1443
1443
1435
1467
1439
1380
1381
1395
1309
1220
1143
1130
1112
1110
1118
1100
1193
1363
1407
1378
1378
1376
1359
1329
1325
1318
1319
1301
1264
1247
1254
1293
1233
1169
1115
1067
1042
1038
1045
1050
1085
1156
1250
1303
1322
1326
1310
1272
1247
1245
1261
1275
1251
1239
1248
1278
1213
1137
1073
1034
1014
1008
1001
995
986
1047
1155
1230
1264
1273
1274
1227
1222
1210
1236
1236
1212
1205
1211
1247
1192
1108
1046
1002
975
966
968
976
1000
1081
1199
1299
1343
1330
1301
1256
1220
1223
1249
1273
1283
1315
1340
1361
1265
1155
1067
1027
979
992
996
1020
1119
1273
1338
1360
1370
1378
1378
1364
1341
1358
1378
1390
1359
1347
1364
1348
1250
1157
1083
1032
1012
1012
1012
1042
1145
1293
1363
1359
1359
1371
1359
1348
1339
1354
1412
1411
1369
1354
1361
1379
1295
1202
1118
1069
1056
1050
1057
1081
1195
1339
1395
1405
1387
1375
1377
1309
1295
1309
1329
1300
1309
1304
1315
1337
1258
1160
1088
1040
1010
987
993
1016
1131
1274
1335
1348
1343
1348
1332
1306
1286
1284
1298
1298
1269
1252
1249
1267
1222
1172
1137
1087
1063
1060
1068
1062
1082
1165
1254
1299
1314
1315
1304
1274
1250
1245
1260
1269
1246
1230
1239
1249
1215
1141
1077
1026
998
980
988
998
1007
1067
1167
1264
1339
1371
1376
1344
1306
1279
1313
1320
1291
1282
1287
1330
1256
1146
1071
1028
1012
1006
1022
1052
1164
1326
1420
1435
1444
1440
1426
1410
1393
1387
1425
1434
1382
1357
1347
1392
1317
1216
1138
1086
1059
1056
1065
1105
1190
1349
1413
1422
1428
1441
1443
1440
1432
1458
1549
1577
1542
1543
1527
1476
1341
1256
1173
1119
1091
1080
1081
1117
1233
1350
1386
1385
1381
1379
1366
1337
1359
1400
1421
1421
1370
1356
1380
1412
1334
1239
1141
1098
1082
1074
1087
1118
1220
1359
1391
1372
1345
1339
1331
1342
1332
1342
1377
1391
1399
1448
1476
1452
1355
1252
1152
1090
1074
1067
1060
1095
1199
1361
1419
1418
1421
1422
1404
1387
1365
1360
1360
1368
1331
1311
1308
1321
1280
1200
1117
1053
1026
1013
1012
1009
1036
1121
1222
1277
1291
1306
1311
1303
1306
1317
1349
1374
1344
1324
1317
1309
1239
1158
1078
1047
1025
1013
1009
1001
1006
1067
1163
1266
1328
1357
1361
1322
1295
1313
1354
1374
1351
1356
1359
1346
1248
1145
1068
1028
1010
1004
1007
1041
1157
1307
1361
1374
1383
1391
1379
1366
1339
1359
1400
1399
1332
1316
1338
1364
1280
1173
1098
1048
1024
1021
1028
1031
1147
1285
1344
1348
1355
1363
1368
1352
1335
1342
1393
1367
1305
1294
1332
1352
1285
1183
1105
1057
1034
1027
1038
1062
1181
1320
1280
1301
1294
1315
1303
1307
1307
1315
1342
1349
1329
1314
1320
1355
1284
1192
1096
1039
1016
1009
1008
1037
1147
1289
1342
1345
1336
1358
1358
1349
1338
1340
1361
1350
1305
1280
1284
1321
1274
1167
1082
1034
1011
1009
1019
1039
1150
1309
1379
1373
1375
1347
1368
1354
1341
1341
1361
1352
1281
1252
1255
1278
1219
1156
1082
1034
1005
999
987
990
1027
1121
1220
1295
1320
1328
1319
1292
1272
1269
1270
1280
1259
1238
1231
1249
1204
1108
1033
983
964
956
955
945
958
1015
1100
1195
1237
1254
1256
1236
1210
1206
1241
1257
1243
1245
1252
1272
1202
1094
1012
982
966
962
969
996
1105
1259
1335
1359
1375
1389
1383
1371
1360
1381
1416
1386
1318
1265
1230
1242
1162
1072
1008
947
974
981
982
1003
1127
1282
1340
1338
1347
1359
1337
1284
1250
1259
1285
1230
1183
1241
1251
1303
1250
1147
1070
1033
1010
1004
994
1023
1120
1264
1295
1290
1298
1309
1297
1286
1257
1264
1288
1279
1227
1202
1210
1255
1210
1105
1023
987
975
982
951
976
1059
1196
1279
1298
1286
1307
1293
1233
1263
1260
1349
1349
1304
1337
1349
1358
1288
1188
1100
1055
1034
1026
1035
1054
1156
1301
1371
1403
1416
1384
1349
1339
1381
1334
1325
1301
1257
1225
1206
1222
1182
1105
1023
968
934
920
914
904
938
1027
1124
1189
1221
1225
1212
1197
1175
1166
1183
1192
1160
1142
1133
1158
1130
1051
983
934
907
893
887
877
887
954
1051
1134
1183
1209
1216
1196
1182
1182
1200
1198
1184
1178
1189
1142
1073
986
1001
996
994
990
987
1007
1102
1258
1310
1309
1399
1447
1443
1437
1431
1438
1457
1444
1388
1355
1360
1363
1302
1192
1104
1058
1034
1017
1027
1043
1121
1270
1324
1375
1394
1409
1403
1391
1391
1403
1422
1417
1361
1330
1326
1354
1286
1177
1090
1038
1012
1002
975
1002
1050
1161
1224
1250
1285
1308
1309
1327
1336
1362
1411
1434
1393
1373
1370
1365
1272
1166
1084
1048
1025
1013
1016
1044
1141
1280
1365
1407
1432
1455
1450
1445
1454
1461
1469
1434
1303
1359
1367
1365
1290
1186
1113
1065
1043
1033
1037
1054
1151
1298
1384
1427
1450
1451
1440
1432
1417
1398
1405
1380
1333
1295
1279
1301
1270
1194
1102
1057
1029
1013
994
988
1028
1108
1212
1291
1327
1342
1337
1311
1283
1266
1290
1298
1273
1246
1233
1251
1226
1154
1084
1044
1015
1003
999
992
1003
1064
1144
1208
1261
1286
1293
1274
1251
1243
1289
1304
1283
1269
1271
1304
1253
1149
1067
1030
1016
1011
1016
1043
1115
1246
1332
1376
1420
1447
1453
1451
1444
1448
1456
1445
1386
1354
1348
1337
1257
1162
1068
1027
1000
998
1007
1031
1090
1184
1253
1291
1315
1301
1320
1301
1345
1370
1393
1375
1323
1293
1305
1332
1274
1175
1080
1033
1008
999
993
1008
1094
1207
1314
1380
1421
1442
1446
1420
1393
1390
1383
1376
1332
1297
1278
1293
1254
1173
1082
1028
1003
988
983
978
1001
1070
1162
1236
1276
1291
1257
1235
1201
1192
1211
1221
1203
1192
1180
1195
1163
1109
1042
1002
982
977
982
997
1055
1171
1274
1330
1343
1369
1365
1356
1331
1325
1334
1321
1286
1263
1254
1277
1240
1169
1092
1039
1015
1000
1001
987
1014
1097
1188
1261
1299
1319
1283
1251
1238
1225
1244
1261
1225
1223
1207
1235
1204
1134
1063
1022
980
961
954
946
948
1005
1092
1186
1263
1321
1333
1318
1299
1297
1332
1329
1295
1291
1286
1316
1256
1197
1109
1046
1025
1019
1023
1049
1135
1250
1320
1377
1417
1433
1444
1454
1479
1480
1497
1479
1333
1316
1361
1399
1315
1200
1105
1049
1024
1012
1014
1036
1127
1260
1344
1391
1419
1446
1447
1454
1443
1442
1463
1464
1420
1402
1404
1398
1320
1208
1108
1061
1067
1068
1075
1097
1177
1320
1425
1500
1539
1571
1580
1568
1521
1477
1474
1461
1417
1405
1383
1432
1372
1253
1152
1099
1068
1058
1069
1076
1147
1308
1419
1474
1543
1575
1584
1578
1566
1561
1552
1533
1469
1446
1449
1472
1425
1317
1188
1116
1092
1077
1072
1088
1177
1295
1390
1450
1481
1521
1532
1524
1493
1490
1478
1404
1354
1326
1309
1325
1281
1203
1118
1070
1056
1076
1078
1089
1095
1151
1253
1332
1403
1458
1457
1436
1423
1414
1429
1408
1360
1340
1339
1348
1301
1230
1159
1113
1088
1081
1070
1071
1074
1124
1206
1292
1350
1394
1413
1394
1376
1389
1422
1385
1305
1288
1298
1370
1311
1205
1139
1095
1106
1102
1069
1140
1217
1312
1405
1492
1533
1570
1563
1507
1506
1569
1570
1551
1500
1471
1466
1478
1370
1300
1212
1160
1134
1114
1079
1125
1199
1321
1383
1434
1475
1511
1549
1535
1492
1500
1539
1516
1485
1423
1431
1475
1414
1313
1194
1123
1098
1090
1098
1100
1179
1295
1371
1435
1464
1493
1445
1434
1425
1427
1458
1463
1451
1448
1435
1420
1347
1250
1144
1112
1129
1120
1082
1122
1219
1337
1406
1498
1517
1517
1543
1535
1488
1523
1511
1478
1450
1462
1436
1451
1396
1284
1223
1150
1084
1054
1078
1066
1144
1303
1385
1427
1490
1463
1457
1469
1478
1442
1460
1481
1399
1369
1359
1370
1347
1236
1147
1096
1070
1053
1040
1051
1070
1148
1253
1334
1381
1407
1408
1336
1317
1305
1305
1308
1278
1254
1237
1259
1219
1151
1093
1040
1010
992
983
971
969
1033
1133
1231
1289
1325
1292
1222
1212
1255
1279
1285
1264
1258
1259
1299
1260
1168
1082
1052
1059
1055
1060
1081
1166
1314
1428
1512
1525
1549
1546
1537
1536
1527
1531
1512
1467
1373
1363
1370
1299
1195
1093
1044
1032
1020
1018
1042
1114
1243
1347
1456
1498
1520
1541
1577
1558
1581
1603
1556
1508
1503
1477
1475
1399
1278
1176
1119
1094
1073
1092
1086
1166
1302
1397
1448
1476
1504
1517
1505
1496
1502
1523
1512
1447
1405
1407
1427
1365
1252
1155
1091
1058
1050
1054
1081
1165
1275
1359
1432
1420
1434
1425
1417
1407
1428
1489
1485
1442
1416
1417
1452
1394
1300
1196
1109
1095
1111
1111
1135
1173
1305
1440
1483
1527
1517
1498
1486
1460
1452
1477
1488
1417
1380
1400
1395
1341
1240
1198
1137
1098
1051
1029
1057
1076
1144
1243
1299
1342
1374
1367
1344
1320
1313
1327
1344
1304
1280
1269
1293
1244
1168
1103
1056
1015
1004
1019
1017
1019
1071
1161
1272
1367
1283
1281
1312
1328
1357
1413
1395
1326
1335
1332
1335
1266
1232
1161
1086
1072
1086
1089
1115
1190
1318
1428
1488
1517
1533
1523
1469
1453
1460
1484
1477
1421
1389
1386
1410
1337
1240
1150
1085
1063
1054
1052
1065
1124
1253
1355
1404
1431
1434
1446
1417
1369
1355
1389
1390
1362
1341
1354
1385
1306
1205
1110
1045
962
941
929
954
1018
1144
1242
1295
1330
1359
1363
1363
1352
1356
1376
1371
1324
1308
1303
1324
1249
1180
1096
1052
1032
1020
1021
1053
1119
1243
1349
1407
1443
1465
1461
1454
1443
1436
1455
1427
1367
1336
1378
1429
1344
1245
1154
1110
1086
1069
1067
1098
1156
1276
1365
1411
1442
1461
1507
1511
1437
1429
1440
1455
1398
1371
1366
1381
1298
1208
1151
1112
1083
1031
1036
1069
1081
1154
1215
1297
1375
1387
1383
1362
1304
1317
1344
1349
1328
1301
1262
1282
1237
1169
1091
1043
1020
1005
997
991
973
1036
1139
1233
1292
1311
1314
1295
1275
1273
1296
1301
1286
1273
1278
1310
1257
1169
1089
1066
1024
1010
1013
1027
1057
1128
1238
1320
1373
1389
1399
1384
1365
1358
1416
1429
1391
1353
1347
1391
1316
1214
1130
1083
1072
1038
1033
1054
1097
1223
1329
1392
1417
1433
1431
1423
1413
1405
1436
1440
1391
1369
1385
1376
1288
1192
1103
1058
1035
1031
1032
1061
1131
1254
1372
1440
1479
1495
1477
1465
1469
1483
1516
1508
1457
1428
1436
1416
1326
1230
1131
1083
1064
1055
1061
1091
1145
1260
1368
1429
1467
1492
1497
1493
1480
1481
1496
1512
1471
1450
1468
1456
1372
1274
1181
1129
1108
1091
1090
1120
1185
1303
1396
1464
1513
1540
1532
1520
1489
1502
1490
1470
1418
1404
1391
1404
1340
1264
1174
1076
1016
993
988
990
997
1065
1183
1273
1324
1350
1351
1328
1303
1297
1318
1319
1295
1250
1293
1289
1221
1150
1084
1038
1013
1000
995
999
992
1043
1140
1230
1282
1306
1317
1300
1284
1284
1316
1324
1303
1287
1304
1356
1312
1218
1101
1059
1044
1035
1043
1077
1150
1262
1361
1416
1440
1447
1399
1451
1440
1440
1459
1467
1442
1388
1430
1446
1335
1214
1167
1125
1078
1058
1075
1111
1156
1244
1346
1421
1465
1495
1508
1452
1418
1420
1447
1440
1393
1361
1373
1377
1292
1187
1090
1044
1019
1010
1009
1044
1144
1284
1312
1316
1392
1426
1427
1417
1417
1458
1474
1469
1409
1375
1399
1401
1303
1198
1104
1055
1034
1024
1026
1052
1118
1245
1351
1407
1429
1444
1428
1433
1419
1384
1440
1440
1398
1371
1398
1422
1335
1238
1108
1047
1030
1020
1021
1045
1112
1232
1332
1399
1436
1448
1457
1451
1434
1474
1479
1433
1410
1377
1385
1385
1309
1226
1143
1093
1084
1071
1066
1059
1013
1110
1225
1315
1357
1382
1358
1351
1328
1323
1334
1335
1297
1276
1294
1296
1231
1155
1086
1043
1015
999
994
994
995
1056
1158
1244
1285
1279
1280
1263
1247
1281
1292
1318
1305
1301
1348
1347
1270
1215
1089
1068
1079
1070
1075
1089
1149
1285
1426
1464
1491
1556
1537
1496
1469
1520
1529
1450
1478
1467
1467
1422
1349
1275
1142
1098
1094
1103
1061
1096
1170
1280
1371
1379
1432
1464
1469
1490
1547
1560
1575
1587
1528
1482
1473
1478
1388
1264
1168
1165
1102
1118
1132
1157
1201
1350
1479
1531
1574
1604
1607
1529
1484
1485
1546
1580
1525
1497
1508
1485
1421
1316
1162
1115
1147
1134
1128
1125
1185
1306
1413
1479
1521
1538
1541
1537
1517
1516
1529
1514
1471
1450
1523
1494
1379
1315
1224
1156
1122
1136
1099
1155
1195
1326
1432
1466
1494
1556
1557
1526
1492
1518
1539
1521
1436
1412
1461
1436
1324
1246
1167
1114
1088
1075
1061
1067
1063
1120
1257
1342
1380
1396
1388
1361
1342
1337
1353
1360
1270
1248
1271
1261
1189
1110
1053
1020
992
966
954
963
967
1009
1101
1189
1245
1269
1282
1262
1238
1237
1262
1304
1288
1284
1305
1304
1247
1131
1063
1041
997
966
988
1051
1117
1208
1344
1417
1417
1415
1435
1440
1431
1394
1433
1438
1360
1342
1412
1371
1271
1200
1086
1028
1040
1037
1018
1021
1131
1246
1332
1361
1408
1447
1446
1434
1403
1382
1391
1408
1361
1352
1429
1427
1322
1227
1113
1076
1077
1063
1058
1088
1171
1286
1390
1469
1514
1531
1532
1528
1520
1518
1502
1489
1483
1458
1498
1445
1329
1211
1120
1079
1065
1061
1060
1081
1115
1222
1316
1384
1429
1453
1458
1460
1444
1436
1447
1467
1411
1398
1424
1379
1289
1206
1126
1080
1063
1054
1056
1084
1138
1255
1358
1415
1482
1489
1526
1514
1498
1472
1503
1499
1434
1383
1410
1425
1327
1226
1174
1140
1073
1043
1066
1063
1052
1120
1269
1356
1369
1381
1405
1374
1301
1332
1351
1340
1314
1337
1363
1310
1236
1164
1136
1081
1040
1025
1023
1027
1048
1084
1161
1255
1323
1386
1366
1316
1278
1355
1383
1352
1382
1379
1429
1376
1331
1241
1158
1088
1094
1096
1081
1105
1186
1304
1420
1499
1540
1569
1568
1553
1546
1540
1555
1511
1424
1400
1459
1471
1409
1309
1217
1163
1133
1120
1123
1152
1215
1283
1388
1459
1519
1568
1524
1518
1522
1550
1602
1581
1504
1481
1519
1441
1352
1257
1164
1114
1086
1081
1096
1132
1258
1382
1477
1515
1567
1597
1594
1590
1582
1573
1598
1588
1548
1543
1603
1564
1463
1361
1258
1202
1161
1139
1137
1165
1200
1325
1415
1442
1453
1485
1472
1472
1460
1527
1536
1523
1492
1489
1557
1538
1466
1358
1259
1201
1178
1159
1158
1186
1279
1406
1477
1536
1562
1585
1584
1577
1574
1570
1559
1550
1494
1489
1529
1479
1359
1308
1198
1138
1113
1089
1084
1092
1114
1177
1282
1329
1327
1252
1143
1080
1036
994
965
988
998
1025
1085
1082
1047
996
958
927
908
899
921
916
910
952
1049
1142
1210
1247
1269
1256
1236
1230
1236
1253
1225
1219
1261
1223
1167
1092
1024
988
969
959
955
962
977
1022
1111
1192
1246
1273
1257
1248
1224
1223
1277
1297
1266
1277
1335
1284
1185
1086
1019
985
966
961
971
1007
1108
1254
1315
1342
1373
1386
1387
1390
1392
1405
1435
1495
1469
1446
1465
1377
1326
1230
1100
1072
1055
1074
1083
1108
1193
1368
1423
1414
1436
1477
1460
1395
1392
1432
1464
1463
1396
1400
1449
1351
1250
1178
1103
1061
1048
1036
1038
1075
1130
1192
1321
1395
1414
1439
1425
1429
1420
1425
1451
1414
1368
1393
1371
1309
1214
1124
1094
1042
993
981
992
1031
1171
1313
1378
1415
1432
1494
1495
1487
1475
1447
1447
1431
1389
1386
1405
1345
1263
1186
1112
1066
1039
1023
1024
1039
1076
1131
1232
1313
1353
1372
1366
1343
1314
1305
1315
1336
1313
1321
1339
1289
1213
1115
1053
1020
1016
1008
1006
1015
1052
1102
1198
1273
1315
1337
1342
1329
1314
1318
1358
1369
1349
1341
1356
1288
1187
1089
1021
987
977
973
979
1019
1150
1339
1422
1439
1454
1465
1442
1443
1428
1437
1475
1481
1445
1462
1482
1403
1296
1200
1125
1081
1062
1049
1054
1065
1135
1266
1313
1332
1345
1350
1323
1325
1329
1344
1390
1393
1362
1381
1437
1403
1311
1207
1122
1085
1067
1063
1058
1078
1208
1348
1388
1407
1416
1261
1425
1414
1336
1340
1439
1444
1406
1431
1460
1395
1288
1190
1101
1065
1040
1024
1025
1066
1190
1324
1371
1390
1392
1406
1393
1382
1373
1380
1371
1398
1378
1407
1441
1374
1272
1178
1085
1047
984
959
967
1007
1142
1324
1431
1454
1479
1501
1504
1503
1495
1493
1517
1506
1461
1453
1436
1374
1297
1222
1147
1092
1071
1061
1058
1077
1118
1187
1288
1359
1387
1389
1396
1367
1319
1309
1324
1321
1237
1243
1264
1217
1147
1070
1008
968
947
936
934
945
969
1008
1107
1194
1242
1284
1288
1278
1264
1306
1374
1394
1382
1414
1416
1350
1250
1151
1089
1047
1023
1017
1028
1066
1194
1333
1400
1423
1418
1458
1456
1437
1430
1438
1468
1474
1436
1464
1474
1402
1300
1206
1133
1087
1063
1055
1062
1106
1233
1369
1406
1410
1416
1423
1415
1401
1381
1376
1411
1422
1397
1445
1466
1386
1274
1182
1105
1061
1038
1028
1033
1078
1223
1340
1382
1391
1397
1395
1409
1394
1386
1403
1450
1460
1402
1435
1449
1370
1262
1161
1066
1050
1038
1030
1032
1068
1193
1295
1362
1377
1396
1401
1407
1356
1354
1344
1351
1348
1323
1381
1408
1395
1294
1201
1122
1033
1032
1036
1042
1026
1128
1269
1322
1352
1360
1371
1371
1372
1420
1436
1455
1442
1425
1459
1415
1347
1270
1195
1119
1072
1049
1038
1034
1044
1089
1156
1260
1334
1372
1407
1411
1373
1350
1349
1367
1384
1375
1408
1376
1326
1255
1119
1031
984
948
988
1004
1019
1048
1090
1182
1266
1318
1337
1340
1317
1294
1295
1334
1348
1334
1406
1403
1342
1243
1140
1068
1032
1016
1007
1025
1075
1211
1353
1408
1408
1412
1420
1416
1400
1373
1388
1425
1473
1445
1481
1475
1417
1276
1208
1122
1059
1076
1042
1042
1123
1240
1368
1407
1454
1461
1459
1483
1458
1425
1424
1457
1463
1439
1507
1494
1416
1309
1207
1114
1066
1043
1038
1047
1043
1142
1306
1374
1391
1380
1401
1421
1394
1369
1410
1447
1402
1371
1463
1465
1353
1239
1145
1098
1052
1033
1023
1028
1061
1130
1267
1314
1332
1356
1372
1371
1390
1382
1418
1459
1468
1447
1490
1460
1393
1295
1197
1101
1054
1033
1021
1022
1067
1221
1359
1450
1475
1479
1487
1441
1405
1389
1400
1398
1411
1383
1411
1380
1316
1237
1160
1115
1091
1063
1039
1037
1046
1085
1146
1249
1346
1369
1419
1414
1380
1350
1334
1349
1358
1341
1378
1351
1291
1227
1147
1075
1009
981
982
977
988
1022
1069
1174
1259
1297
1312
1313
1283
1259
1263
1291
1330
1332
1402
1371
1305
1202
1112
1048
1006
985
974
991
1043
1176
1254
1273
1286
1287
1283
1285
1280
1265
1271
1304
1319
1314
1360
1374
1300
1198
1098
1015
976
957
951
956
941
1039
1191
1226
1226
1219
1240
1240
1230
1218
1223
1252
1259
1234
1298
1329
1266
1159
1067
1002
964
927
921
931
978
1087
1167
1220
1237
1228
1231
1205
1222
1265
1275
1315
1340
1358
1380
1406
1347
1270
1191
1109
1028
1037
1076
1083
1122
1250
1398
1437
1448
1445
1449
1431
1416
1404
1431
1445
1449
1440
1487
1458
1383
1277
1192
1113
1066
1046
1039
1047
1089
1199
1347
1394
1407
1409
1401
1390
1380
1367
1388
1409
1429
1426
1468
1440
1380
1296
1220
1153
1105
1077
1064
1070
1090
1141
1214
1314
1379
1393
1395
1378
1349
1332
1328
1356
1381
1393
1448
1423
1373
1293
1207
1144
1098
1073
1064
1069
1079
1116
1175
1275
1360
1412
1429
1428
1395
1345
1339
1357
1328
1328
1384
1359
1312
1242
1114
1034
1040
1029
1026
1037
1061
1112
1164
1252
1334
1385
1408
1394
1348
1280
1278
1284
1285
1351
1433
1408
1349
1250
1158
1093
1060
1049
1054
1069
1128
1272
1438
1471
1457
1437
1428
1422
1403
1384
1390
1435
1468
1454
1529
1484
1416
1310
1228
1169
1125
1100
1099
1111
1165
1325
1479
1500
1475
1457
1456
1406
1418
1406
1418
1459
1476
1484
1546
1516
1455
1350
1255
1197
1158
1134
1134
1149
1210
1367
1526
1551
1516
1482
1460
1435
1407
1381
1385
1409
1421
1439
1503
1484
1424
1324
1233
1175
1130
1098
1084
1096
1142
1266
1417
1465
1466
1473
1483
1452
1447
1459
1481
1514
1521
1505
1498
1439
1345
1286
1210
1140
1050
985
971
973
992
1046
1116
1210
1286
1330
1345
1339
1315
1287
1280
1300
1333
1353
1343
1299
1223
1156
1082
1016
973
949
939
937
949
988
1046
1135
1223
1283
1310
1324
1306
1282
1286
1330
1342
1373
1409
1369
1301
1203
1100
1030
990
969
982
1046
1133
1288
1452
1491
1494
1482
1478
1455
1430
1398
1394
1451
1484
1518
1563
1535
1464
1351
1271
1214
1174
1134
1133
1145
1192
1347
1512
1523
1499
1475
1469
1453
1425
1399
1408
1426
1438
1470
1523
1496
1427
1332
1257
1207
1174
1140
1136
1156
1217
1383
1544
1581
1516
1482
1460
1435
1399
1353
1371
1387
1435
1478
1466
1421
1357
1268
1230
1207
1163
1134
1126
1135
1186
1330
1466
1487
1489
1439
1446
1423
1406
1399
1409
1419
1425
1451
1442
1407
1342
1251
1178
1127
1059
1028
1032
1036
1091
1217
1357
1429
1421
1456
1489
1493
1490
1452
1456
1493
1514
1544
1560
1527
1462
1380
1319
1276
1230
1186
1168
1169
1187
1248
1332
1438
1522
1557
1482
1427
1407
1378
1388
1420
1496
1544
1543
1508
1457
1382
1303
1222
1118
1138
1151
1150
1164
1205
1278
1358
1420
1451
1451
1385
1360
1326
1319
1361
1403
1474
1514
1476
1406
1313
1213
1160
1180
1176
1180
1196
1261
1427
1591
1629
1605
1510
1495
1476
1450
1422
1466
1541
1577
1583
1580
1537
1481
1372
1273
1197
1138
1107
1081
1102
1157
1305
1482
1479
1442
1446
1421
1443
1417
1394
1423
1466
1491
1506
1509
1526
1449
1345
1250
1178
1132
1096
1079
1085
1135
1265
1441
1477
1482
1475
1467
1473
1457
1460
1474
1521
1567
1578
1565
1518
1437
1339
1235
1161
1104
1075
1063
1070
1113
1245
1399
1412
1390
1392
1390
1366
1358
1337
1343
1405
1450
1485
1490
1464
1395
1322
1201
1130
1084
1057
1041
1050
1085
1231
1398
1440
1451
1451
1477
1482
1465
1417
1424
1451
1472
1485
1472
1424
1370
1303
1250
1198
1146
1092
1061
1058
1099
1155
1243
1351
1436
1468
1496
1468
1429
1406
1411
1473
1537
1600
1583
1522
1451
1331
1251
1183
1136
1106
1104
1104
1140
1216
1285
1385
1486
1534
1553
1442
1421
1401
1408
1447
1438
1430
1414
1481
1469
1386
1284
1212
1179
1168
1170
1183
1232
1393
1558
1605
1613
1606
1605
1593
1580
1537
1562
1608
1645
1705
1702
1663
1581
1358
1363
1329
1282
1247
1239
1247
1306
1455
1515
1537
1531
1521
1544
1596
1634
1631
1635
1571
1614
1648
1631
1602
1563
1502
1424
1365
1325
1287
1274
1282
1332
1494
1633
1601
1617
1554
1517
1527
1514
1477
1453
1545
1593
1660
1679
1608
1543
1441
1355
1299
1258
1224
1203
1230
1281
1403
1590
1609
1568
1546
1523
1475
1440
1424
1402
1476
1543
1584
1572
1554
1482
1367
1278
1208
1137
1105
1087
1094
1138
1254
1427
1469
1467
1471
1450
1436
1438
1438
1454
1486
1501
1505
1471
1417
1347
1254
1192
1119
1053
1012
1003
1004
1019
1058
1146
1233
1331
1382
1397
1411
1404
1394
1400
1430
1468
1489
1453
1399
1330
1254
1182
1053
1015
1016
1006
1010
1018
1033
1073
1149
1210
1277
1341
1352
1335
1330
1277
1245
1377
1462
1413
1372
1309
1237
1143
1048
977
947
932
929
941
995
1144
1287
1351
1364
1366
1381
1375
1361
1344
1367
1432
1503
1460
1428
1363
1281
1185
1100
1043
992
966
960
974
1024
1150
1251
1252
1262
1268
1279
1283
1282
1281
1297
1400
1474
1441
1412
1375
1288
1190
1119
1117
1077
1050
1042
1066
1127
1261
1419
1468
1402
1453
1454
1409
1404
1415
1441
1542
1622
1596
1572
1519
1454
1366
1293
1245
1196
1156
1141
1147
1180
1234
1285
1355
1380
1371
1354
1348
1319
1291
1303
1406
1527
1501
1478
1433
1365
1255
1137
1056
1020
1061
1056
1098
1176
1326
1451
1473
1444
1407
1384
1353
1319
1290
1288
1343
1457
1437
1407
1358
1307
1241
1195
1152
1112
1077
1074
1083
1130
1199
1277
1343
1338
1325
1300
1264
1228
1213
1211
1294
1470
1472
1434
1390
1342
1283
1209
1152
1119
1101
1100
1105
1129
1177
1240
1318
1365
1385
1383
1373
1340
1320
1340
1461
1605
1592
1573
1533
1464
1368
1281
1226
1201
1193
1186
1210
1284
1441
1582
1604
1570
1499
1442
1404
1366
1356
1369
1461
1577
1544
1524
1485
1428
1379
1298
1252
1213
1182
1175
1182
1229
1386
1515
1549
1498
1500
1522
1443
1428
1481
1516
1614
1677
1621
1588
1545
1455
1342
1247
1182
1129
1099
1083
1093
1148
1293
1438
1479
1480
1488
1493
1494
1479
1487
1498
1588
1642
1596
1544
1492
1433
1350
1253
1187
1141
1111
1099
1091
1110
1249
1404
1439
1441
1439
1431
1429
1416
1412
1457
1576
1683
1652
1622
1586
1514
1384
1278
1228
1191
1155
1136
1150
1212
1312
1428
1453
1475
1463
1458
1387
1365
1357
1381
1475
1579
1637
1649
1633
1584
1510
1447
1414
1365
1332
1313
1274
1287
1355
1440
1523
1561
1577
1544
1520
1506
1502
1508
1575
1637
1581
1540
1506
1457
1379
1289
1221
1186
1171
1163
1173
1197
1251
1324
1435
1481
1515
1512
1499
1456
1437
1464
1621
1745
1722
1708
1660
1596
1494
1391
1322
1290
1288
1293
1318
1384
1510
1624
1649
1635
1644
1631
1617
1553
1552
1578
1674
1764
1721
1685
1630
1540
1428
1341
1293
1250
1205
1191
1218
1290
1421
1562
1567
1525
1513
1518
1509
1473
1461
1531
1626
1710
1679
1655
1613
1537
1417
1329
1262
1207
1163
1142
1152
1212
1366
1455
1475
1480
1483
1493
1498
1495
1542
1584
1682
1753
1727
1701
1652
1579
1494
1410
1377
1340
1273
1239
1247
1303
1459
1603
1633
1614
1598
1596
1571
1584
1578
1605
1693
1739
1714
1674
1633
1616
1533
1457
1400
1346
1301
1284
1293
1342
1439
1555
1587
1591
1573
1567
1547
1539
1548
1559
1606
1700
1669
1640
1590
1528
1452
1393
1348
1308
1276
1265
1280
1313
1398
1488
1581
1603
1598
1592
1588
1577
1565
1582
1671
1752
1707
1656
1633
1581
1507
1427
1364
1323
1306
1299
1309
1339
1389
1453
1533
1587
1614
1615
1600
1555
1518
1531
1663
1794
1765
1750
1712
1640
1540
1434
1356
1321
1309
1327
1349
1415
1575
1710
1728
1693
1642
1623
1609
1598
1600
1629
1735
1848
1831
1823
1779
1709
1590
1498
1448
1413
1384
1377
1386
1454
1618
1754
1690
1715
1679
1658
1637
1603
1590
1627
1742
1865
1840
1825
1799
1724
1596
1491
1437
1398
1373
1366
1376
1413
1563
1718
1722
1678
1626
1605
1587
1568
1562
1599
1710
1765
1763
1644
1677
1600
1477
1373
1307
1256
1215
1205
1215
1273
1402
1545
1588
1590
1586
1600
1591
1561
1561
1571
1694
1738
1708
1658
1619
1553
1440
1346
1278
1226
1185
1160
1159
1178
1286
1439
1486
1507
1507
1509
1503
1483
1459
1453
1552
1597
1544
1497
1450
1380
1289
1223
1172
1110
1064
1054
1059
1082
1133
1224
1312
1378
1419
1453
1460
1395
1360
1363
1435
1521
1482
1479
1459
1397
1308
1242
1158
1109
1090
1084
1090
1123
1177
1277
1320
1391
1429
1453
1500
1469
1458
1489
1632
1730
1709
1682
1644
1552
1432
1326
1235
1207
1200
1203
1218
1272
1418
1544
1592
1590
1635
1656
1660
1633
1622
1655
1770
1882
1840
1805
1761
1675
1543
1437
1375
1329
1282
1272
1276
1335
1495
1644
1668
1631
1620
1631
1620
1606
1592
1635
1751
1854
1820
1767
1726
1644
1510
1412
1355
1305
1270
1254
1265
1331
1490
1640
1674
1671
1652
1643
1621
1595
1604
1623
1737
1781
1813
1729
1693
1624
1556
1482
1437
1415
1394
1385
1401
1466
1622
1775
1805
1796
1747
1732
1723
1674
1656
1693
1801
1938
1907
1827
1858
1804
1684
1599
1537
1492
1465
1450
1461
1519
1675
1818
1839
1814
1777
1746
1725
1700
1680
1706
1835
1963
1919
1810
1815
1796
1716
1648
1588
1537
1494
1473
1465
1487
1547
1641
1731
1797
1800
1784
1762
1735
1717
1731
1801
1799
1748
1705
1710
1661
1569
1476
1402
1347
1321
1318
1330
1372
1432
1510
1600
1648
1653
1646
1641
1586
1562
1579
1732
1803
1809
1798
1769
1689
1547
1417
1320
1263
1229
1181
1175
1254
1425
1590
1624
1621
1615
1630
1615
1604
1580
1603
1709
1770
1687
1686
1602
1452
1334
1209
1115
1054
1023
1023
1030
1071
1178
1308
1379
1390
1399
1414
1391
1390
1386
1383
1451
1607
1569
1542
1513
1467
1349
1242
1168
1137
1130
1130
1168
1235
1390
1549
1551
1539
1496
1477
1529
1554
1561
1518
1574
1646
1602
1578
1586
1539
1472
1380
1314
1259
1222
1192
1217
1265
1400
1531
1555
1552
1531
1538
1550
1515
1494
1554
1651
1797
1789
1799
1810
1750
1633
1537
1492
1432
1406
1397
1412
1470
1618
1718
1760
1792
1788
1762
1750
1717
1652
1694
1819
1842
1736
1743
1785
1744
1603
1430
1393
1405
1372
1356
1353
1373
1433
1524
1623
1670
1648
1623
1595
1554
1567
1533
1667
1823
1719
1764
1746
1711
1631
1507
1423
1397
1377
1373
1386
1408
1452
1527
1616
1667
1674
1658
1625
1583
1545
1566
1691
1851
1821
1830
1826
1764
1654
1535
1454
1415
1394
1394
1412
1470
1602
1740
1797
1812
1798
1791
1787
1739
1726
1740
1833
1938
1908
1876
1834
1752
1609
1498
1424
1360
1305
1251
1161
1221
1357
1479
1543
1581
1609
1660
1668
1649
1625
1698
1809
1899
1864
1824
1781
1711
1582
1480
1405
1346
1304
1286
1292
1332
1450
1549
1604
1628
1637
1639
1632
1616
1602
1617
1664
1724
1727
1684
1676
1646
1536
1437
1365
1304
1260
1238
1248
1287
1388
1510
1576
1627
1653
1663
1661
1639
1619
1624
1704
1824
1809
1816
1781
1715
1604
1505
1435
1300
1168
1157
1181
1210
1322
1439
1531
1603
1624
1623
1610
1579
1566
1582
1649
1700
1630
1561
1532
1500
1451
1409
1349
1276
1226
1207
1217
1242
1306
1406
1504
1565
1582
1597
1599
1569
1544
1535
1578
1604
1571
1549
1529
1498
1430
1340
1269
1219
1193
1185
1191
1206
1242
1297
1373
1453
1496
1534
1533
1512
1487
1488
1571
1641
1612
1583
1558
1523
1466
1395
1310
1278
1272
1272
1289
1303
1331
1374
1477
1567
1618
1644
1643
1617
1564
1522
1642
1736
1700
1687
1658
1594
1499
1407
1326
1283
1268
1272
1301
1351
1428
1513
1607
1693
1738
1734
1757
1736
1737
1727
1750
1731
1684
1654
1630
1644
1580
1487
1401
1349
1358
1383
1393
1428
1517
1601
1671
1723
1732
1692
1710
1701
1642
1701
1750
1846
1770
1758
1771
1728
1652
1576
1528
1462
1460
1459
1467
1488
1569
1679
1736
1761
1730
1712
1743
1695
1659
1646
1734
1877
1853
1820
1779
1707
1603
1529
1465
1416
1369
1347
1352
1389
1472
1538
1584
1601
1587
1573
1554
1517
1477
1485
1573
1724
1699
1635
1565
1493
1429
1529
1465
1416
1369
1347
1352
1389
1472
1538
1584
1601
1587
1573
1554
1517
1477
1485
1573
1724
1699
1635
1565
1493
1429
1529
